Average reprojection error: 0.449271885289
Camera intrinsic matrix:
[[3.34783947e+03 0.00000000e+00 1.06264074e+03]
 [0.00000000e+00 3.34571285e+03 8.57568640e+02]
 [0.00000000e+00 0.00000000e+00 1.00000000e+00]]
Distortion coefficients:
[[-6.20790988e-02 -5.41548763e-01  4.16484956e-03  4.30133262e-04
   3.98593534e+00]]
Per image rotation vectors:
[array([[ 0.31284509],
       [ 0.48320776],
       [-0.07066722]]), array([[-0.18462402],
       [ 0.10272151],
       [-0.00224778]]), array([[0.45244051],
       [0.03511941],
       [0.63449178]]), array([[ 0.40046671],
       [ 0.46276611],
       [-0.1086074 ]]), array([[0.95292373],
       [0.04995572],
       [0.00670791]]), array([[-0.13339998],
       [ 0.57943249],
       [ 0.19749103]]), array([[-0.08810388],
       [ 0.15007534],
       [ 0.02714977]]), array([[0.11201171],
       [0.02625042],
       [0.1297011 ]]), array([[-0.02050873],
       [ 0.14487345],
       [ 0.02004028]]), array([[-0.04290287],
       [ 0.17355018],
       [ 0.02219979]]), array([[ 0.57116572],
       [-0.00078604],
       [ 0.41547889]]), array([[ 0.09169475],
       [ 0.08630885],
       [-0.01514911]]), array([[ 0.58807565],
       [ 0.42478103],
       [-0.54140425]]), array([[0.11159768],
       [0.06713854],
       [0.0157761 ]]), array([[-0.24913894],
       [ 0.32781506],
       [ 0.31506009]]), array([[ 0.17156813],
       [ 0.62880877],
       [-0.1113049 ]]), array([[ 0.28210725],
       [-0.36810443],
       [-0.14788492]]), array([[0.85495182],
       [0.2309829 ],
       [0.61185923]]), array([[-0.23716704],
       [ 0.59230421],
       [ 0.31603892]]), array([[-0.00912486],
       [ 0.04932226],
       [ 0.1789589 ]]), array([[ 0.66587074],
       [ 0.52131544],
       [-0.59481919]]), array([[0.18454685],
       [0.16053418],
       [0.03705777]]), array([[-0.08570889],
       [ 0.69200177],
       [ 0.43195695]]), array([[ 0.295792  ],
       [-0.28174871],
       [-0.11846267]]), array([[0.19376922],
       [0.20050247],
       [0.34717749]]), array([[ 0.32009864],
       [ 0.26599781],
       [-0.12364052]]), array([[0.04621997],
       [0.10752059],
       [0.00670734]]), array([[ 0.33869382],
       [-0.46328748],
       [-0.1124673 ]]), array([[ 0.73773286],
       [ 0.42062584],
       [-0.55546526]]), array([[ 0.61887268],
       [ 0.24313299],
       [-0.14613393]]), array([[1.00570623],
       [0.08959558],
       [0.07200381]]), array([[ 0.52436788],
       [ 0.52459587],
       [-0.22276919]]), array([[0.72189016],
       [0.01121751],
       [0.40905475]]), array([[0.4759299 ],
       [0.37989985],
       [0.16243966]]), array([[ 0.92822547],
       [-0.12313846],
       [ 0.42177335]]), array([[-0.23658491],
       [ 0.57974466],
       [ 0.34612142]]), array([[0.07285466],
       [0.09644712],
       [0.05643589]]), array([[ 0.64621946],
       [ 0.56070216],
       [-0.53947542]]), array([[0.38074978],
       [0.30366605],
       [0.29550464]]), array([[0.25228247],
       [0.18829629],
       [0.22277856]]), array([[0.2952608 ],
       [0.40504887],
       [0.0277113 ]]), array([[0.24141613],
       [0.26681271],
       [0.05916643]]), array([[0.25818293],
       [0.37160367],
       [0.004128  ]]), array([[ 0.29793251],
       [ 0.59589497],
       [-0.11519677]]), array([[-0.31408676],
       [ 0.13925614],
       [ 0.13858639]]), array([[ 0.19366879],
       [ 0.6217378 ],
       [-0.04334299]]), array([[0.12787976],
       [0.04898382],
       [0.0034396 ]]), array([[0.02685111],
       [0.2635556 ],
       [0.05235616]]), array([[ 0.2323711 ],
       [ 0.06476432],
       [-0.00514217]]), array([[0.55149116],
       [0.41905751],
       [0.01424209]]), array([[0.22269587],
       [0.51740583],
       [0.02153681]]), array([[-0.36989294],
       [ 0.39249947],
       [ 0.01605105]]), array([[ 0.39546917],
       [-0.46232858],
       [-0.08720415]]), array([[-0.40660975],
       [ 0.00988483],
       [ 0.08640638]]), array([[-0.28565249],
       [ 0.12636914],
       [-0.32523264]]), array([[0.22256731],
       [0.62798301],
       [0.03497998]]), array([[ 0.35406331],
       [-0.08883855],
       [-0.03570024]]), array([[ 0.47655975],
       [-0.47182211],
       [-0.08196515]]), array([[ 0.49028754],
       [-0.4505127 ],
       [-0.07340467]]), array([[-0.22007634],
       [ 0.43643165],
       [ 0.39204813]]), array([[0.30301536],
       [0.41877765],
       [0.01279455]]), array([[ 0.15882805],
       [ 0.1924069 ],
       [-0.18713305]]), array([[0.19707406],
       [0.4691912 ],
       [0.04383177]]), array([[-0.01455538],
       [ 0.44965269],
       [ 0.45385761]]), array([[0.06027329],
       [0.65032781],
       [0.36507222]]), array([[ 0.39190826],
       [-0.37714123],
       [-0.13612406]]), array([[ 0.6531105 ],
       [ 0.04161385],
       [-0.1336768 ]]), array([[ 0.31958219],
       [-0.12555676],
       [-0.11449568]]), array([[ 0.34510365],
       [-0.46423499],
       [-0.09872397]]), array([[ 0.69214765],
       [ 0.29941608],
       [-0.07638462]]), array([[-0.03611001],
       [ 0.53216288],
       [ 0.16871106]]), array([[ 0.36034687],
       [-0.46245001],
       [-0.09644917]]), array([[-0.26688243],
       [ 0.05101245],
       [-0.32755754]]), array([[ 1.07989213],
       [ 0.0631942 ],
       [-0.08891494]]), array([[-0.26030455],
       [ 0.4086307 ],
       [-0.00844325]]), array([[ 0.26429155],
       [ 0.13783424],
       [-0.03616432]]), array([[-0.07333986],
       [ 0.1479202 ],
       [ 0.02291607]]), array([[0.26831489],
       [0.05313853],
       [0.13554653]]), array([[-0.08615053],
       [ 0.27033467],
       [ 0.26540249]]), array([[-0.273905  ],
       [ 0.02967137],
       [-0.38705212]]), array([[0.12138063],
       [0.51323503],
       [0.09995997]]), array([[ 0.3550845 ],
       [-0.27424595],
       [-0.10169493]]), array([[ 0.38537761],
       [ 0.38269907],
       [-0.00767421]]), array([[1.01855574],
       [0.05630264],
       [0.02639166]]), array([[-0.24781937],
       [ 0.05569853],
       [ 0.22349869]]), array([[ 0.27268941],
       [ 0.40869923],
       [-0.09434563]]), array([[ 1.06610343],
       [ 0.01623678],
       [-0.05213218]]), array([[-0.23048933],
       [ 0.4731119 ],
       [ 0.31773489]]), array([[ 0.66026352],
       [ 0.54846952],
       [-0.59912852]]), array([[0.34702022],
       [0.49027036],
       [0.29517707]]), array([[0.13035741],
       [0.15532374],
       [0.07707471]]), array([[-0.16016753],
       [ 0.31514484],
       [ 0.36178329]]), array([[ 0.5286566 ],
       [ 0.48233872],
       [-0.2241283 ]]), array([[-0.06447263],
       [ 0.1566569 ],
       [ 0.01689124]]), array([[ 0.43758911],
       [-0.48138034],
       [-0.10023318]]), array([[-0.10618944],
       [-0.02318479],
       [ 0.18383855]]), array([[ 0.47327046],
       [ 0.49576409],
       [-0.19826614]]), array([[0.4672934 ],
       [0.44617578],
       [0.25356062]]), array([[0.6331045 ],
       [0.31135796],
       [0.22151981]]), array([[-0.12065361],
       [ 0.80003377],
       [ 0.44087815]])]
Per image translation vectors:
[array([[-151.50212636],
       [ -76.5485386 ],
       [ 827.9367791 ]]), array([[-4.72107381e-01],
       [-3.26421943e+01],
       [ 1.29115883e+03]]), array([[ -21.53459456],
       [-158.91245079],
       [ 995.07586628]]), array([[-138.24609584],
       [ -66.98189141],
       [ 751.76813115]]), array([[-187.46367295],
       [-176.71143238],
       [1036.40051281]]), array([[ -78.54634134],
       [-123.06608572],
       [ 882.38639672]]), array([[-107.03342933],
       [ -91.95317232],
       [ 628.64558123]]), array([[-243.21922368],
       [ -72.06679573],
       [1302.82337844]]), array([[-123.30723354],
       [-101.43245015],
       [ 709.67800977]]), array([[-111.7132323 ],
       [ -88.89618895],
       [ 730.25759736]]), array([[ -45.14651694],
       [-154.98513727],
       [1031.56743907]]), array([[-209.42485209],
       [ -84.36767765],
       [ 827.68459724]]), array([[ -48.15808691],
       [ -31.74976412],
       [1175.7872256 ]]), array([[-191.12462283],
       [ -47.49619564],
       [ 814.47149207]]), array([[-1.80950188e-01],
       [-2.32896331e+02],
       [ 1.19073974e+03]]), array([[-124.05881676],
       [ -78.1135708 ],
       [ 902.63857482]]), array([[ -39.54827473],
       [-118.53546572],
       [ 726.71823677]]), array([[-151.82347851],
       [-128.56278446],
       [1033.13818358]]), array([[ -63.28615619],
       [-129.90291981],
       [ 881.44239641]]), array([[-121.67798687],
       [ -79.92233043],
       [ 749.45148272]]), array([[-138.65051201],
       [  -9.02477766],
       [1174.61500603]]), array([[-6.94142909e+01],
       [ 1.29691159e+00],
       [ 1.42417181e+03]]), array([[  12.26658007],
       [-158.91371374],
       [1049.19878902]]), array([[ -60.22525409],
       [-108.29449865],
       [ 731.22314209]]), array([[-296.27860353],
       [-245.32614927],
       [1360.30153123]]), array([[-191.86946283],
       [ -55.19006607],
       [ 827.49001044]]), array([[-134.07385214],
       [ -89.23676961],
       [ 763.48172996]]), array([[ -55.49355732],
       [-114.88086837],
       [ 734.63090379]]), array([[-187.92706034],
       [   1.57110196],
       [1205.05263329]]), array([[-203.26324204],
       [ -20.51446482],
       [1158.03026994]]), array([[-161.18543375],
       [ -90.83094897],
       [1113.75535876]]), array([[-148.18994531],
       [ -62.58304695],
       [ 725.55390035]]), array([[-171.96563902],
       [-120.2320821 ],
       [1021.63540475]]), array([[ -71.10745899],
       [-131.8310549 ],
       [1091.92092811]]), array([[-161.03266981],
       [-147.46539703],
       [1007.11186576]]), array([[ -46.23711829],
       [-134.60036877],
       [ 914.68479435]]), array([[ -18.77955468],
       [-120.87011032],
       [1046.97344413]]), array([[-176.4757881 ],
       [  -5.44347125],
       [1262.08648577]]), array([[-104.40500745],
       [-154.94091986],
       [1060.17183683]]), array([[-275.29436803],
       [-183.02963511],
       [1345.26244605]]), array([[-145.16827595],
       [ -57.05439795],
       [ 828.87700077]]), array([[ -78.48432373],
       [-145.14272992],
       [1310.82328169]]), array([[-141.26986049],
       [ -90.9696506 ],
       [ 882.56066715]]), array([[-137.13699123],
       [ -46.79546339],
       [ 858.54457594]]), array([[-65.45046905],
       [-94.52255923],
       [968.17947957]]), array([[-145.90021064],
       [-145.05864788],
       [1018.91931959]]), array([[-129.84768555],
       [-123.07826396],
       [1366.83649174]]), array([[-129.24210799],
       [ -65.78228255],
       [ 756.93383462]]), array([[-266.41793949],
       [-195.18007057],
       [1354.92778998]]), array([[-159.44317737],
       [ -59.16067451],
       [ 913.94162223]]), array([[-153.62084066],
       [ -96.0633374 ],
       [ 924.12154326]]), array([[ -42.31124212],
       [-112.27030503],
       [ 945.944398  ]]), array([[-191.39674112],
       [ -88.62453994],
       [ 761.60846063]]), array([[-222.07932365],
       [ -56.51557462],
       [1318.26260015]]), array([[-168.8865781 ],
       [ -10.42273397],
       [1307.16142304]]), array([[-140.46313033],
       [-141.038544  ],
       [1057.70771391]]), array([[-88.07293472],
       [-81.20333573],
       [754.80335934]]), array([[-181.06683958],
       [ -11.67283099],
       [ 768.3693239 ]]), array([[-176.08479835],
       [   8.8128548 ],
       [ 763.73448412]]), array([[ 9.09641959e-01],
       [-1.71735899e+02],
       [ 1.10051201e+03]]), array([[-139.38665383],
       [ -35.83543836],
       [ 887.73570369]]), array([[-167.88516183],
       [ -53.4028664 ],
       [ 892.59252018]]), array([[-117.3182035 ],
       [-106.19012282],
       [ 856.02119001]]), array([[ -81.60270898],
       [-181.91843988],
       [1018.78015155]]), array([[  14.47554265],
       [-154.608892  ],
       [1046.85864338]]), array([[-181.23564815],
       [ -20.11285098],
       [ 767.55007765]]), array([[-139.20034888],
       [ -66.10044985],
       [ 779.25919768]]), array([[-185.572606  ],
       [ -52.94901381],
       [ 795.25932152]]), array([[-107.3963743 ],
       [-116.11246435],
       [ 744.10183803]]), array([[-136.51973292],
       [ -43.14127919],
       [ 830.99824683]]), array([[-86.22547443],
       [-98.62063301],
       [870.08225915]]), array([[-167.36026861],
       [-105.69131732],
       [ 756.18693754]]), array([[-1.05189349e+01],
       [-6.30028091e-01],
       [ 1.27437296e+03]]), array([[-210.4250026 ],
       [-196.05790644],
       [1032.20180888]]), array([[-97.85343504],
       [-62.99426929],
       [958.12549017]]), array([[-179.44319828],
       [ -75.57562138],
       [ 831.17666365]]), array([[-103.89476298],
       [ -98.50782112],
       [ 654.78752457]]), array([[-215.92286173],
       [-133.71439336],
       [1290.35647666]]), array([[  33.8364722 ],
       [ -96.83481816],
       [1288.27155082]]), array([[3.55830213e+00],
       [9.02778241e-01],
       [1.26039275e+03]]), array([[-111.58201859],
       [-103.87301884],
       [ 861.33301152]]), array([[-156.38963555],
       [ -32.41408548],
       [ 774.47580455]]), array([[-122.27401368],
       [ -85.93730825],
       [ 849.17320696]]), array([[-194.90754336],
       [-209.13343045],
       [1010.90933325]]), array([[ -61.65875853],
       [-112.52522359],
       [ 926.5566892 ]]), array([[-142.21503575],
       [ -69.84708104],
       [ 762.67920966]]), array([[-192.52427176],
       [-203.2892901 ],
       [1012.75305456]]), array([[ -65.66339845],
       [-146.25958549],
       [1012.33790717]]), array([[-173.64708597],
       [  -8.00759074],
       [1225.77083706]]), array([[ -10.50911788],
       [-152.6656896 ],
       [1023.54440945]]), array([[-106.41168703],
       [-175.15632581],
       [1216.72570287]]), array([[  39.64823003],
       [-145.5427215 ],
       [1267.71851245]]), array([[ -90.1590455 ],
       [ -87.35770858],
       [1156.04003651]]), array([[-107.48860965],
       [ -88.66923823],
       [ 657.15384398]]), array([[-194.82480657],
       [ -62.13867237],
       [ 761.10225384]]), array([[-95.06695123],
       [-95.45551716],
       [918.63910854]]), array([[-144.71271639],
       [ -77.19007736],
       [ 744.62476089]]), array([[ -98.03428415],
       [-141.36261076],
       [1001.54094984]]), array([[-112.53652036],
       [-132.91730683],
       [ 930.50562166]]), array([[   2.24903865],
       [-161.3137131 ],
       [1040.93098797]])]
Field of view in degress along horizontal sensor axis:
34.5146163302
Field of view in degress along vertical sensor axis:
26.1164269821
Focal length of lens in mm:
8.36959868437
Principal point in mm:
(2.6566018608377386, 2.1439215993521916)
Pixel aspect ratio:
0.999364777778
