1.013000000000000000e+03 5.980000000000000000e+02
1.013000000000000000e+03 5.990000000000000000e+02
1.015000000000000000e+03 6.020000000000000000e+02
1.016000000000000000e+03 6.020000000000000000e+02
1.016000000000000000e+03 6.020000000000000000e+02
1.017000000000000000e+03 5.970000000000000000e+02
1.017000000000000000e+03 5.970000000000000000e+02
1.019000000000000000e+03 5.970000000000000000e+02
1.023000000000000000e+03 6.020000000000000000e+02
1.024000000000000000e+03 6.030000000000000000e+02
1.025000000000000000e+03 6.020000000000000000e+02
1.027000000000000000e+03 6.030000000000000000e+02
1.028000000000000000e+03 6.040000000000000000e+02
1.029000000000000000e+03 6.030000000000000000e+02
1.028000000000000000e+03 6.030000000000000000e+02
1.027000000000000000e+03 6.040000000000000000e+02
1.026000000000000000e+03 6.030000000000000000e+02
1.024000000000000000e+03 6.010000000000000000e+02
1.024000000000000000e+03 6.000000000000000000e+02
1.022000000000000000e+03 6.000000000000000000e+02
1.022000000000000000e+03 6.010000000000000000e+02
1.021000000000000000e+03 6.010000000000000000e+02
1.020000000000000000e+03 6.010000000000000000e+02
1.016000000000000000e+03 6.020000000000000000e+02
9.950000000000000000e+02 6.060000000000000000e+02
1.012000000000000000e+03 6.080000000000000000e+02
1.021000000000000000e+03 6.050000000000000000e+02
1.011000000000000000e+03 6.020000000000000000e+02
1.011000000000000000e+03 6.010000000000000000e+02
9.960000000000000000e+02 6.020000000000000000e+02
9.910000000000000000e+02 6.030000000000000000e+02
9.910000000000000000e+02 6.040000000000000000e+02
9.910000000000000000e+02 6.040000000000000000e+02
9.920000000000000000e+02 6.040000000000000000e+02
9.910000000000000000e+02 6.040000000000000000e+02
9.880000000000000000e+02 6.040000000000000000e+02
9.790000000000000000e+02 6.010000000000000000e+02
9.770000000000000000e+02 6.020000000000000000e+02
9.730000000000000000e+02 6.030000000000000000e+02
9.720000000000000000e+02 6.040000000000000000e+02
9.710000000000000000e+02 6.040000000000000000e+02
9.750000000000000000e+02 6.060000000000000000e+02
9.750000000000000000e+02 6.060000000000000000e+02
9.990000000000000000e+02 6.070000000000000000e+02
9.990000000000000000e+02 6.060000000000000000e+02
1.000000000000000000e+03 6.060000000000000000e+02
1.003000000000000000e+03 6.080000000000000000e+02
1.007000000000000000e+03 6.190000000000000000e+02
1.007000000000000000e+03 6.180000000000000000e+02
1.009000000000000000e+03 6.170000000000000000e+02
1.023000000000000000e+03 6.040000000000000000e+02
1.024000000000000000e+03 6.040000000000000000e+02
1.024000000000000000e+03 6.040000000000000000e+02
1.024000000000000000e+03 6.040000000000000000e+02
1.025000000000000000e+03 6.040000000000000000e+02
1.020000000000000000e+03 6.030000000000000000e+02
1.008000000000000000e+03 6.010000000000000000e+02
1.006000000000000000e+03 6.010000000000000000e+02
9.960000000000000000e+02 6.010000000000000000e+02
9.970000000000000000e+02 6.010000000000000000e+02
1.000000000000000000e+03 6.010000000000000000e+02
1.001000000000000000e+03 6.030000000000000000e+02
1.000000000000000000e+03 6.030000000000000000e+02
1.002000000000000000e+03 6.030000000000000000e+02
1.004000000000000000e+03 6.030000000000000000e+02
1.004000000000000000e+03 6.030000000000000000e+02
1.005000000000000000e+03 6.040000000000000000e+02
1.005000000000000000e+03 6.040000000000000000e+02
1.004000000000000000e+03 6.050000000000000000e+02
1.003000000000000000e+03 6.050000000000000000e+02
1.003000000000000000e+03 6.050000000000000000e+02
1.003000000000000000e+03 6.050000000000000000e+02
1.003000000000000000e+03 6.050000000000000000e+02
1.002000000000000000e+03 6.050000000000000000e+02
1.003000000000000000e+03 6.050000000000000000e+02
1.003000000000000000e+03 6.050000000000000000e+02
1.003000000000000000e+03 6.050000000000000000e+02
1.002000000000000000e+03 6.050000000000000000e+02
1.001000000000000000e+03 6.060000000000000000e+02
9.990000000000000000e+02 6.070000000000000000e+02
9.980000000000000000e+02 6.080000000000000000e+02
9.970000000000000000e+02 6.080000000000000000e+02
9.980000000000000000e+02 6.080000000000000000e+02
9.980000000000000000e+02 6.080000000000000000e+02
9.970000000000000000e+02 6.080000000000000000e+02
9.970000000000000000e+02 6.080000000000000000e+02
9.970000000000000000e+02 6.080000000000000000e+02
9.970000000000000000e+02 6.090000000000000000e+02
9.970000000000000000e+02 6.090000000000000000e+02
9.960000000000000000e+02 6.090000000000000000e+02
9.970000000000000000e+02 6.090000000000000000e+02
9.970000000000000000e+02 6.100000000000000000e+02
9.980000000000000000e+02 6.100000000000000000e+02
1.000000000000000000e+03 6.150000000000000000e+02
9.990000000000000000e+02 6.160000000000000000e+02
9.950000000000000000e+02 6.180000000000000000e+02
9.950000000000000000e+02 6.180000000000000000e+02
9.930000000000000000e+02 6.180000000000000000e+02
9.930000000000000000e+02 6.180000000000000000e+02
9.930000000000000000e+02 6.180000000000000000e+02
9.940000000000000000e+02 6.180000000000000000e+02
9.940000000000000000e+02 6.180000000000000000e+02
1.008000000000000000e+03 6.260000000000000000e+02
1.008000000000000000e+03 6.270000000000000000e+02
1.008000000000000000e+03 6.270000000000000000e+02
9.930000000000000000e+02 6.210000000000000000e+02
9.920000000000000000e+02 6.210000000000000000e+02
9.920000000000000000e+02 6.210000000000000000e+02
9.930000000000000000e+02 6.210000000000000000e+02
9.930000000000000000e+02 6.220000000000000000e+02
9.990000000000000000e+02 6.220000000000000000e+02
9.990000000000000000e+02 6.220000000000000000e+02
1.005000000000000000e+03 6.170000000000000000e+02
1.005000000000000000e+03 6.170000000000000000e+02
1.005000000000000000e+03 6.170000000000000000e+02
1.004000000000000000e+03 6.160000000000000000e+02
1.004000000000000000e+03 6.160000000000000000e+02
1.004000000000000000e+03 6.160000000000000000e+02
1.005000000000000000e+03 6.160000000000000000e+02
1.006000000000000000e+03 6.160000000000000000e+02
1.013000000000000000e+03 6.170000000000000000e+02
1.014000000000000000e+03 6.170000000000000000e+02
1.015000000000000000e+03 6.160000000000000000e+02
1.015000000000000000e+03 6.160000000000000000e+02
1.016000000000000000e+03 6.160000000000000000e+02
1.024000000000000000e+03 6.150000000000000000e+02
1.024000000000000000e+03 6.150000000000000000e+02
1.025000000000000000e+03 6.150000000000000000e+02
1.025000000000000000e+03 6.150000000000000000e+02
1.025000000000000000e+03 6.150000000000000000e+02
1.024000000000000000e+03 6.150000000000000000e+02
1.008000000000000000e+03 6.160000000000000000e+02
1.006000000000000000e+03 6.160000000000000000e+02
1.005000000000000000e+03 6.160000000000000000e+02
9.970000000000000000e+02 6.160000000000000000e+02
9.970000000000000000e+02 6.160000000000000000e+02
9.960000000000000000e+02 6.160000000000000000e+02
9.950000000000000000e+02 6.160000000000000000e+02
9.880000000000000000e+02 6.160000000000000000e+02
9.790000000000000000e+02 6.170000000000000000e+02
9.790000000000000000e+02 6.170000000000000000e+02
9.810000000000000000e+02 6.160000000000000000e+02
9.810000000000000000e+02 6.170000000000000000e+02
9.810000000000000000e+02 6.170000000000000000e+02
9.810000000000000000e+02 6.170000000000000000e+02
9.810000000000000000e+02 6.170000000000000000e+02
9.810000000000000000e+02 6.170000000000000000e+02
9.950000000000000000e+02 6.150000000000000000e+02
9.950000000000000000e+02 6.150000000000000000e+02
9.950000000000000000e+02 6.150000000000000000e+02
9.950000000000000000e+02 6.150000000000000000e+02
9.950000000000000000e+02 6.150000000000000000e+02
1.011000000000000000e+03 6.150000000000000000e+02
1.020000000000000000e+03 6.160000000000000000e+02
1.021000000000000000e+03 6.160000000000000000e+02
1.021000000000000000e+03 6.160000000000000000e+02
1.021000000000000000e+03 6.160000000000000000e+02
1.021000000000000000e+03 6.160000000000000000e+02
1.021000000000000000e+03 6.160000000000000000e+02
1.021000000000000000e+03 6.160000000000000000e+02
1.020000000000000000e+03 6.160000000000000000e+02
1.019000000000000000e+03 6.160000000000000000e+02
1.019000000000000000e+03 6.160000000000000000e+02
1.019000000000000000e+03 6.160000000000000000e+02
1.008000000000000000e+03 6.150000000000000000e+02
9.960000000000000000e+02 6.150000000000000000e+02
9.960000000000000000e+02 6.150000000000000000e+02
9.940000000000000000e+02 6.160000000000000000e+02
9.790000000000000000e+02 6.170000000000000000e+02
9.780000000000000000e+02 6.170000000000000000e+02
9.760000000000000000e+02 6.170000000000000000e+02
9.760000000000000000e+02 6.180000000000000000e+02
9.760000000000000000e+02 6.180000000000000000e+02
9.760000000000000000e+02 6.180000000000000000e+02
9.760000000000000000e+02 6.190000000000000000e+02
9.730000000000000000e+02 6.190000000000000000e+02
9.720000000000000000e+02 6.190000000000000000e+02
9.720000000000000000e+02 6.190000000000000000e+02
9.720000000000000000e+02 6.190000000000000000e+02
9.720000000000000000e+02 6.180000000000000000e+02
9.710000000000000000e+02 6.180000000000000000e+02
1.004000000000000000e+03 6.170000000000000000e+02
1.015000000000000000e+03 6.180000000000000000e+02
1.015000000000000000e+03 6.180000000000000000e+02
1.015000000000000000e+03 6.180000000000000000e+02
1.016000000000000000e+03 6.180000000000000000e+02
1.016000000000000000e+03 6.180000000000000000e+02
1.017000000000000000e+03 6.180000000000000000e+02
1.017000000000000000e+03 6.180000000000000000e+02
1.017000000000000000e+03 6.170000000000000000e+02
1.017000000000000000e+03 6.170000000000000000e+02
1.018000000000000000e+03 6.170000000000000000e+02
1.018000000000000000e+03 6.170000000000000000e+02
1.007000000000000000e+03 6.160000000000000000e+02
9.910000000000000000e+02 6.170000000000000000e+02
9.890000000000000000e+02 6.170000000000000000e+02
9.880000000000000000e+02 6.170000000000000000e+02
9.860000000000000000e+02 6.170000000000000000e+02
9.760000000000000000e+02 6.180000000000000000e+02
9.760000000000000000e+02 6.180000000000000000e+02
9.750000000000000000e+02 6.180000000000000000e+02
9.750000000000000000e+02 6.190000000000000000e+02
9.750000000000000000e+02 6.180000000000000000e+02
9.760000000000000000e+02 6.190000000000000000e+02
9.750000000000000000e+02 6.190000000000000000e+02
9.940000000000000000e+02 6.160000000000000000e+02
1.004000000000000000e+03 6.190000000000000000e+02
1.005000000000000000e+03 6.160000000000000000e+02
