1.360000000000000000e+03 6.010000000000000000e+02
1.360000000000000000e+03 6.010000000000000000e+02
1.363000000000000000e+03 6.030000000000000000e+02
1.363000000000000000e+03 6.040000000000000000e+02
1.363000000000000000e+03 6.030000000000000000e+02
1.364000000000000000e+03 6.000000000000000000e+02
1.365000000000000000e+03 6.000000000000000000e+02
1.367000000000000000e+03 6.000000000000000000e+02
1.370000000000000000e+03 6.050000000000000000e+02
1.372000000000000000e+03 6.060000000000000000e+02
1.373000000000000000e+03 6.060000000000000000e+02
1.375000000000000000e+03 6.070000000000000000e+02
1.376000000000000000e+03 6.090000000000000000e+02
1.376000000000000000e+03 6.080000000000000000e+02
1.376000000000000000e+03 6.080000000000000000e+02
1.376000000000000000e+03 6.080000000000000000e+02
1.374000000000000000e+03 6.060000000000000000e+02
1.373000000000000000e+03 6.050000000000000000e+02
1.372000000000000000e+03 6.040000000000000000e+02
1.370000000000000000e+03 6.040000000000000000e+02
1.370000000000000000e+03 6.040000000000000000e+02
1.369000000000000000e+03 6.040000000000000000e+02
1.369000000000000000e+03 6.040000000000000000e+02
1.366000000000000000e+03 6.050000000000000000e+02
1.347000000000000000e+03 6.100000000000000000e+02
1.360000000000000000e+03 6.080000000000000000e+02
1.369000000000000000e+03 6.070000000000000000e+02
1.357000000000000000e+03 6.030000000000000000e+02
1.358000000000000000e+03 6.020000000000000000e+02
1.343000000000000000e+03 6.030000000000000000e+02
1.338000000000000000e+03 6.020000000000000000e+02
1.339000000000000000e+03 6.020000000000000000e+02
1.338000000000000000e+03 6.030000000000000000e+02
1.340000000000000000e+03 6.020000000000000000e+02
1.339000000000000000e+03 6.030000000000000000e+02
1.335000000000000000e+03 6.020000000000000000e+02
1.325000000000000000e+03 5.980000000000000000e+02
1.323000000000000000e+03 5.990000000000000000e+02
1.321000000000000000e+03 5.990000000000000000e+02
1.319000000000000000e+03 5.980000000000000000e+02
1.318000000000000000e+03 5.980000000000000000e+02
1.322000000000000000e+03 6.000000000000000000e+02
1.322000000000000000e+03 6.000000000000000000e+02
1.345000000000000000e+03 6.000000000000000000e+02
1.346000000000000000e+03 6.000000000000000000e+02
1.347000000000000000e+03 6.010000000000000000e+02
1.349000000000000000e+03 6.030000000000000000e+02
1.353000000000000000e+03 6.140000000000000000e+02
1.354000000000000000e+03 6.130000000000000000e+02
1.357000000000000000e+03 6.140000000000000000e+02
1.367000000000000000e+03 6.010000000000000000e+02
1.370000000000000000e+03 6.010000000000000000e+02
1.371000000000000000e+03 6.020000000000000000e+02
1.371000000000000000e+03 6.020000000000000000e+02
1.372000000000000000e+03 6.020000000000000000e+02
1.367000000000000000e+03 6.020000000000000000e+02
1.354000000000000000e+03 5.980000000000000000e+02
1.352000000000000000e+03 5.980000000000000000e+02
1.342000000000000000e+03 5.980000000000000000e+02
1.342000000000000000e+03 5.980000000000000000e+02
1.346000000000000000e+03 5.990000000000000000e+02
1.346000000000000000e+03 6.000000000000000000e+02
1.346000000000000000e+03 6.000000000000000000e+02
1.348000000000000000e+03 6.010000000000000000e+02
1.350000000000000000e+03 6.010000000000000000e+02
1.350000000000000000e+03 6.010000000000000000e+02
1.351000000000000000e+03 6.020000000000000000e+02
1.351000000000000000e+03 6.020000000000000000e+02
1.350000000000000000e+03 6.030000000000000000e+02
1.349000000000000000e+03 6.030000000000000000e+02
1.350000000000000000e+03 6.030000000000000000e+02
1.349000000000000000e+03 6.030000000000000000e+02
1.348000000000000000e+03 6.020000000000000000e+02
1.349000000000000000e+03 6.030000000000000000e+02
1.349000000000000000e+03 6.020000000000000000e+02
1.349000000000000000e+03 6.020000000000000000e+02
1.349000000000000000e+03 6.020000000000000000e+02
1.349000000000000000e+03 6.020000000000000000e+02
1.347000000000000000e+03 6.030000000000000000e+02
1.345000000000000000e+03 6.040000000000000000e+02
1.345000000000000000e+03 6.040000000000000000e+02
1.344000000000000000e+03 6.050000000000000000e+02
1.344000000000000000e+03 6.050000000000000000e+02
1.344000000000000000e+03 6.040000000000000000e+02
1.344000000000000000e+03 6.050000000000000000e+02
1.343000000000000000e+03 6.040000000000000000e+02
1.343000000000000000e+03 6.050000000000000000e+02
1.343000000000000000e+03 6.050000000000000000e+02
1.343000000000000000e+03 6.050000000000000000e+02
1.343000000000000000e+03 6.050000000000000000e+02
1.343000000000000000e+03 6.050000000000000000e+02
1.343000000000000000e+03 6.050000000000000000e+02
1.344000000000000000e+03 6.060000000000000000e+02
1.345000000000000000e+03 6.110000000000000000e+02
1.345000000000000000e+03 6.110000000000000000e+02
1.341000000000000000e+03 6.140000000000000000e+02
1.341000000000000000e+03 6.140000000000000000e+02
1.340000000000000000e+03 6.140000000000000000e+02
1.339000000000000000e+03 6.130000000000000000e+02
1.340000000000000000e+03 6.130000000000000000e+02
1.340000000000000000e+03 6.130000000000000000e+02
1.341000000000000000e+03 6.130000000000000000e+02
1.356000000000000000e+03 6.200000000000000000e+02
1.356000000000000000e+03 6.210000000000000000e+02
1.356000000000000000e+03 6.210000000000000000e+02
1.341000000000000000e+03 6.150000000000000000e+02
1.340000000000000000e+03 6.150000000000000000e+02
1.339000000000000000e+03 6.140000000000000000e+02
1.339000000000000000e+03 6.150000000000000000e+02
1.340000000000000000e+03 6.140000000000000000e+02
1.345000000000000000e+03 6.150000000000000000e+02
1.346000000000000000e+03 6.160000000000000000e+02
1.350000000000000000e+03 6.110000000000000000e+02
1.351000000000000000e+03 6.110000000000000000e+02
1.352000000000000000e+03 6.100000000000000000e+02
1.350000000000000000e+03 6.100000000000000000e+02
1.350000000000000000e+03 6.100000000000000000e+02
1.351000000000000000e+03 6.090000000000000000e+02
1.351000000000000000e+03 6.090000000000000000e+02
1.352000000000000000e+03 6.100000000000000000e+02
1.360000000000000000e+03 6.110000000000000000e+02
1.360000000000000000e+03 6.110000000000000000e+02
1.361000000000000000e+03 6.110000000000000000e+02
1.362000000000000000e+03 6.120000000000000000e+02
1.363000000000000000e+03 6.110000000000000000e+02
1.370000000000000000e+03 6.110000000000000000e+02
1.371000000000000000e+03 6.110000000000000000e+02
1.371000000000000000e+03 6.110000000000000000e+02
1.371000000000000000e+03 6.120000000000000000e+02
1.372000000000000000e+03 6.120000000000000000e+02
1.371000000000000000e+03 6.120000000000000000e+02
1.353000000000000000e+03 6.120000000000000000e+02
1.351000000000000000e+03 6.120000000000000000e+02
1.350000000000000000e+03 6.120000000000000000e+02
1.343000000000000000e+03 6.120000000000000000e+02
1.342000000000000000e+03 6.120000000000000000e+02
1.341000000000000000e+03 6.120000000000000000e+02
1.341000000000000000e+03 6.120000000000000000e+02
1.333000000000000000e+03 6.110000000000000000e+02
1.324000000000000000e+03 6.130000000000000000e+02
1.324000000000000000e+03 6.120000000000000000e+02
1.326000000000000000e+03 6.130000000000000000e+02
1.327000000000000000e+03 6.120000000000000000e+02
1.326000000000000000e+03 6.120000000000000000e+02
1.327000000000000000e+03 6.130000000000000000e+02
1.326000000000000000e+03 6.120000000000000000e+02
1.326000000000000000e+03 6.120000000000000000e+02
1.341000000000000000e+03 6.100000000000000000e+02
1.341000000000000000e+03 6.100000000000000000e+02
1.341000000000000000e+03 6.100000000000000000e+02
1.341000000000000000e+03 6.100000000000000000e+02
1.342000000000000000e+03 6.100000000000000000e+02
1.357000000000000000e+03 6.110000000000000000e+02
1.367000000000000000e+03 6.120000000000000000e+02
1.368000000000000000e+03 6.120000000000000000e+02
1.367000000000000000e+03 6.120000000000000000e+02
1.368000000000000000e+03 6.120000000000000000e+02
1.368000000000000000e+03 6.120000000000000000e+02
1.368000000000000000e+03 6.120000000000000000e+02
1.367000000000000000e+03 6.120000000000000000e+02
1.366000000000000000e+03 6.130000000000000000e+02
1.366000000000000000e+03 6.120000000000000000e+02
1.366000000000000000e+03 6.120000000000000000e+02
1.366000000000000000e+03 6.120000000000000000e+02
1.356000000000000000e+03 6.110000000000000000e+02
1.341000000000000000e+03 6.100000000000000000e+02
1.342000000000000000e+03 6.100000000000000000e+02
1.340000000000000000e+03 6.100000000000000000e+02
1.325000000000000000e+03 6.120000000000000000e+02
1.323000000000000000e+03 6.120000000000000000e+02
1.322000000000000000e+03 6.120000000000000000e+02
1.322000000000000000e+03 6.130000000000000000e+02
1.322000000000000000e+03 6.130000000000000000e+02
1.321000000000000000e+03 6.130000000000000000e+02
1.321000000000000000e+03 6.130000000000000000e+02
1.318000000000000000e+03 6.130000000000000000e+02
1.318000000000000000e+03 6.130000000000000000e+02
1.317000000000000000e+03 6.130000000000000000e+02
1.317000000000000000e+03 6.130000000000000000e+02
1.317000000000000000e+03 6.130000000000000000e+02
1.317000000000000000e+03 6.130000000000000000e+02
1.350000000000000000e+03 6.110000000000000000e+02
1.360000000000000000e+03 6.130000000000000000e+02
1.361000000000000000e+03 6.130000000000000000e+02
1.361000000000000000e+03 6.130000000000000000e+02
1.362000000000000000e+03 6.130000000000000000e+02
1.363000000000000000e+03 6.130000000000000000e+02
1.363000000000000000e+03 6.130000000000000000e+02
1.363000000000000000e+03 6.120000000000000000e+02
1.363000000000000000e+03 6.120000000000000000e+02
1.364000000000000000e+03 6.130000000000000000e+02
1.364000000000000000e+03 6.120000000000000000e+02
1.364000000000000000e+03 6.130000000000000000e+02
1.354000000000000000e+03 6.120000000000000000e+02
1.335000000000000000e+03 6.120000000000000000e+02
1.334000000000000000e+03 6.120000000000000000e+02
1.334000000000000000e+03 6.120000000000000000e+02
1.331000000000000000e+03 6.120000000000000000e+02
1.321000000000000000e+03 6.130000000000000000e+02
1.321000000000000000e+03 6.130000000000000000e+02
1.321000000000000000e+03 6.130000000000000000e+02
1.321000000000000000e+03 6.130000000000000000e+02
1.321000000000000000e+03 6.130000000000000000e+02
1.321000000000000000e+03 6.130000000000000000e+02
1.321000000000000000e+03 6.130000000000000000e+02
1.340000000000000000e+03 6.100000000000000000e+02
1.350000000000000000e+03 6.130000000000000000e+02
1.352000000000000000e+03 6.120000000000000000e+02
