1.361179565429687500e+03 6.099879150390625000e+02 1.355679565429687500e+03 6.094879150390625000e+02
1.361297851562500000e+03 6.106987915039062500e+02 1.355797851562500000e+03 6.101987915039062500e+02
1.361667968750000000e+03 6.118473510742187500e+02 1.356167968750000000e+03 6.118473510742187500e+02
1.362074218750000000e+03 6.124081420898437500e+02 1.356574218750000000e+03 6.124081420898437500e+02
1.361797973632812500e+03 6.116677856445312500e+02 1.356297973632812500e+03 6.116677856445312500e+02
1.363105590820312500e+03 6.085936889648437500e+02 1.358105590820312500e+03 6.080936889648437500e+02
1.363939208984375000e+03 6.085834960937500000e+02 1.358439208984375000e+03 6.085834960937500000e+02
1.365295776367187500e+03 6.078305053710937500e+02 1.359795776367187500e+03 6.078305053710937500e+02
1.366912963867187500e+03 6.108468627929687500e+02 1.361912963867187500e+03 6.108468627929687500e+02
1.369438964843750000e+03 6.121726684570312500e+02 1.363938964843750000e+03 6.121726684570312500e+02
1.370924682617187500e+03 6.119065551757812500e+02 1.365424682617187500e+03 6.119065551757812500e+02
1.372400756835937500e+03 6.128428955078125000e+02 1.366900756835937500e+03 6.123428955078125000e+02
1.373351440429687500e+03 6.140510864257812500e+02 1.367851440429687500e+03 6.135510864257812500e+02
1.374481201171875000e+03 6.131061401367187500e+02 1.368981201171875000e+03 6.131061401367187500e+02
1.373468383789062500e+03 6.132117309570312500e+02 1.367968383789062500e+03 6.132117309570312500e+02
1.373433227539062500e+03 6.138941650390625000e+02 1.367933227539062500e+03 6.138941650390625000e+02
1.371808471679687500e+03 6.122713012695312500e+02 1.366308471679687500e+03 6.122713012695312500e+02
1.369974243164062500e+03 6.111998901367187500e+02 1.364974243164062500e+03 6.111998901367187500e+02
1.369549560546875000e+03 6.105695190429687500e+02 1.364549560546875000e+03 6.105695190429687500e+02
1.368823608398437500e+03 6.103463745117187500e+02 1.363323608398437500e+03 6.103463745117187500e+02
1.367557495117187500e+03 6.106751708984375000e+02 1.362057495117187500e+03 6.106751708984375000e+02
1.367727416992187500e+03 6.111686401367187500e+02 1.361727416992187500e+03 6.111686401367187500e+02
1.366142700195312500e+03 6.106889038085937500e+02 1.361142700195312500e+03 6.106889038085937500e+02
1.363506713867187500e+03 6.114317016601562500e+02 1.358006713867187500e+03 6.114317016601562500e+02
1.353447143554687500e+03 6.122747802734375000e+02 1.347947143554687500e+03 6.122747802734375000e+02
1.358553222656250000e+03 6.162736206054687500e+02 1.353053222656250000e+03 6.162736206054687500e+02
1.368546752929687500e+03 6.159411010742187500e+02 1.362546752929687500e+03 6.159411010742187500e+02
1.361729736328125000e+03 6.131983642578125000e+02 1.356229736328125000e+03 6.131983642578125000e+02
1.361723022460937500e+03 6.121409301757812500e+02 1.356223022460937500e+03 6.121409301757812500e+02
1.350513549804687500e+03 6.118504638671875000e+02 1.345513549804687500e+03 6.118504638671875000e+02
1.346523193359375000e+03 6.106354980468750000e+02 1.340523193359375000e+03 6.106354980468750000e+02
1.346842773437500000e+03 6.119470214843750000e+02 1.341842773437500000e+03 6.119470214843750000e+02
1.347752929687500000e+03 6.121345214843750000e+02 1.341752929687500000e+03 6.121345214843750000e+02
1.347926635742187500e+03 6.121400756835937500e+02 1.342426635742187500e+03 6.116400756835937500e+02
1.347053466796875000e+03 6.119488525390625000e+02 1.341553466796875000e+03 6.114488525390625000e+02
1.344690917968750000e+03 6.112597656250000000e+02 1.339190917968750000e+03 6.112597656250000000e+02
1.338919799804687500e+03 6.095344238281250000e+02 1.332419799804687500e+03 6.085344238281250000e+02
1.337160888671875000e+03 6.104805297851562500e+02 1.330660888671875000e+03 6.094805297851562500e+02
1.334838745117187500e+03 6.100480346679687500e+02 1.328338745117187500e+03 6.090480346679687500e+02
1.332695678710937500e+03 6.103306884765625000e+02 1.326195678710937500e+03 6.093306884765625000e+02
1.331977050781250000e+03 6.099287719726562500e+02 1.325977050781250000e+03 6.089287719726562500e+02
1.332937500000000000e+03 6.102632446289062500e+02 1.326937500000000000e+03 6.097632446289062500e+02
1.332593994140625000e+03 6.098839111328125000e+02 1.326593994140625000e+03 6.093839111328125000e+02
1.345220458984375000e+03 6.103646850585937500e+02 1.339720458984375000e+03 6.103646850585937500e+02
1.346469116210937500e+03 6.095596313476562500e+02 1.340969116210937500e+03 6.095596313476562500e+02
1.342432006835937500e+03 6.103878784179687500e+02 1.347932006835937500e+03 6.098878784179687500e+02
1.349351806640625000e+03 6.115477294921875000e+02 1.343851806640625000e+03 6.115477294921875000e+02
1.350909912109375000e+03 6.174232788085937500e+02 1.345409912109375000e+03 6.174232788085937500e+02
1.352817016601562500e+03 6.160846557617187500e+02 1.347317016601562500e+03 6.160846557617187500e+02
1.355456665039062500e+03 6.169420166015625000e+02 1.349956665039062500e+03 6.169420166015625000e+02
1.360966430664062500e+03 6.106510009765625000e+02 1.353966430664062500e+03 6.106510009765625000e+02
1.356167480468750000e+03 6.122315673828125000e+02 1.363167480468750000e+03 6.112315673828125000e+02
1.356510253906250000e+03 6.124299926757812500e+02 1.363510253906250000e+03 6.114299926757812500e+02
1.364183471679687500e+03 6.122827148437500000e+02 1.357183471679687500e+03 6.122827148437500000e+02
1.365019409179687500e+03 6.122116088867187500e+02 1.358019409179687500e+03 6.122116088867187500e+02
1.355980590820312500e+03 6.117662353515625000e+02 1.361980590820312500e+03 6.112662353515625000e+02
1.355152099609375000e+03 6.090582885742187500e+02 1.349152099609375000e+03 6.090582885742187500e+02
1.353556152343750000e+03 6.099304809570312500e+02 1.347556152343750000e+03 6.099304809570312500e+02
1.348180908203125000e+03 6.101694335937500000e+02 1.342180908203125000e+03 6.096694335937500000e+02
1.348964721679687500e+03 6.104418334960937500e+02 1.342964721679687500e+03 6.104418334960937500e+02
1.350215820312500000e+03 6.111474609375000000e+02 1.344715820312500000e+03 6.106474609375000000e+02
1.350079101562500000e+03 6.115072631835937500e+02 1.344579101562500000e+03 6.115072631835937500e+02
1.350928955078125000e+03 6.124622192382812500e+02 1.345928955078125000e+03 6.124622192382812500e+02
1.352145019531250000e+03 6.130887451171875000e+02 1.346645019531250000e+03 6.130887451171875000e+02
1.353751831054687500e+03 6.136000366210937500e+02 1.348251831054687500e+03 6.131000366210937500e+02
1.354392822265625000e+03 6.125278930664062500e+02 1.348892822265625000e+03 6.125278930664062500e+02
1.355633911132812500e+03 6.144757690429687500e+02 1.350133911132812500e+03 6.144757690429687500e+02
1.355914916992187500e+03 6.142774658203125000e+02 1.350414916992187500e+03 6.142774658203125000e+02
1.354911987304687500e+03 6.147301025390625000e+02 1.348911987304687500e+03 6.147301025390625000e+02
1.354415527343750000e+03 6.154055175781250000e+02 1.348915527343750000e+03 6.154055175781250000e+02
1.353566406250000000e+03 6.153885498046875000e+02 1.348066406250000000e+03 6.153885498046875000e+02
1.353643920898437500e+03 6.146779785156250000e+02 1.348143920898437500e+03 6.146779785156250000e+02
1.352857910156250000e+03 6.148503417968750000e+02 1.347357910156250000e+03 6.143503417968750000e+02
1.353445312500000000e+03 6.141349487304687500e+02 1.347945312500000000e+03 6.141349487304687500e+02
1.352658081054687500e+03 6.149433593750000000e+02 1.347658081054687500e+03 6.149433593750000000e+02
1.353833984375000000e+03 6.140123291015625000e+02 1.348333984375000000e+03 6.140123291015625000e+02
1.353138549804687500e+03 6.144598999023437500e+02 1.347638549804687500e+03 6.144598999023437500e+02
1.353728027343750000e+03 6.141714477539062500e+02 1.348228027343750000e+03 6.141714477539062500e+02
1.351542114257812500e+03 6.154744262695312500e+02 1.346042114257812500e+03 6.149744262695312500e+02
1.350685058593750000e+03 6.157274780273437500e+02 1.344685058593750000e+03 6.157274780273437500e+02
1.349622802734375000e+03 6.151207275390625000e+02 1.344622802734375000e+03 6.151207275390625000e+02
1.350174682617187500e+03 6.159960937500000000e+02 1.344174682617187500e+03 6.154960937500000000e+02
1.349168823242187500e+03 6.163369750976562500e+02 1.343668823242187500e+03 6.158369750976562500e+02
1.349965209960937500e+03 6.153167114257812500e+02 1.343965209960937500e+03 6.153167114257812500e+02
1.349807617187500000e+03 6.160172119140625000e+02 1.344307617187500000e+03 6.155172119140625000e+02
1.349207763671875000e+03 6.158939208984375000e+02 1.343707763671875000e+03 6.158939208984375000e+02
1.348569702148437500e+03 6.157719726562500000e+02 1.343069702148437500e+03 6.152719726562500000e+02
1.348628662109375000e+03 6.156408691406250000e+02 1.343128662109375000e+03 6.151408691406250000e+02
1.347502319335937500e+03 6.157081909179687500e+02 1.342502319335937500e+03 6.152081909179687500e+02
1.348192749023437500e+03 6.164294433593750000e+02 1.342692749023437500e+03 6.159294433593750000e+02
1.347015869140625000e+03 6.161520996093750000e+02 1.341515869140625000e+03 6.156520996093750000e+02
1.347922973632812500e+03 6.159896240234375000e+02 1.342422973632812500e+03 6.159896240234375000e+02
1.348532958984375000e+03 6.162086791992187500e+02 1.343032958984375000e+03 6.162086791992187500e+02
1.348687744140625000e+03 6.194569702148437500e+02 1.343187744140625000e+03 6.194569702148437500e+02
1.349789916992187500e+03 6.201652221679687500e+02 1.344289916992187500e+03 6.196652221679687500e+02
1.346371459960937500e+03 6.205469970703125000e+02 1.340871459960937500e+03 6.200469970703125000e+02
1.346546264648437500e+03 6.206107177734375000e+02 1.341046264648437500e+03 6.206107177734375000e+02
1.345624633789062500e+03 6.202666015625000000e+02 1.340124633789062500e+03 6.202666015625000000e+02
1.344765991210937500e+03 6.201872558593750000e+02 1.339265991210937500e+03 6.196872558593750000e+02
1.340422729492187500e+03 6.203690795898437500e+02 1.345422729492187500e+03 6.198690795898437500e+02
1.345220825195312500e+03 6.206886596679687500e+02 1.339720825195312500e+03 6.206886596679687500e+02
1.345553100585937500e+03 6.202255249023437500e+02 1.340053100585937500e+03 6.202255249023437500e+02
1.353559570312500000e+03 6.246538696289062500e+02 1.348059570312500000e+03 6.241538696289062500e+02
1.353583374023437500e+03 6.244243774414062500e+02 1.348083374023437500e+03 6.244243774414062500e+02
1.353964965820312500e+03 6.248146972656250000e+02 1.348964965820312500e+03 6.248146972656250000e+02
1.345035034179687500e+03 6.233034667968750000e+02 1.339535034179687500e+03 6.233034667968750000e+02
1.344851440429687500e+03 6.225044555664062500e+02 1.339351440429687500e+03 6.220044555664062500e+02
1.344455688476562500e+03 6.220908813476562500e+02 1.338955688476562500e+03 6.220908813476562500e+02
1.343650878906250000e+03 6.228312988281250000e+02 1.338650878906250000e+03 6.223312988281250000e+02
1.344964355468750000e+03 6.232767944335937500e+02 1.339464355468750000e+03 6.227767944335937500e+02
1.347548461914062500e+03 6.239052734375000000e+02 1.342548461914062500e+03 6.239052734375000000e+02
1.347974975585937500e+03 6.242843627929687500e+02 1.342974975585937500e+03 6.237843627929687500e+02
1.350702026367187500e+03 6.207498168945312500e+02 1.345202026367187500e+03 6.207498168945312500e+02
1.351482666015625000e+03 6.208003540039062500e+02 1.345982666015625000e+03 6.208003540039062500e+02
1.351699951171875000e+03 6.212599487304687500e+02 1.346199951171875000e+03 6.212599487304687500e+02
1.350208984375000000e+03 6.206284790039062500e+02 1.344708984375000000e+03 6.206284790039062500e+02
1.350520263671875000e+03 6.204289550781250000e+02 1.345020263671875000e+03 6.204289550781250000e+02
1.350830078125000000e+03 6.201733398437500000e+02 1.345330078125000000e+03 6.201733398437500000e+02
1.351041015625000000e+03 6.201998901367187500e+02 1.345541015625000000e+03 6.201998901367187500e+02
1.352156982421875000e+03 6.205728759765625000e+02 1.346656982421875000e+03 6.205728759765625000e+02
1.356602050781250000e+03 6.216524047851562500e+02 1.350602050781250000e+03 6.216524047851562500e+02
1.357365478515625000e+03 6.218064575195312500e+02 1.351865478515625000e+03 6.213064575195312500e+02
1.357889770507812500e+03 6.219387207031250000e+02 1.351889770507812500e+03 6.219387207031250000e+02
1.358738281250000000e+03 6.216652832031250000e+02 1.353238281250000000e+03 6.216652832031250000e+02
1.359174072265625000e+03 6.206187133789062500e+02 1.353674072265625000e+03 6.206187133789062500e+02
1.356795410156250000e+03 6.220308227539062500e+02 1.363795410156250000e+03 6.215308227539062500e+02
1.357666137695312500e+03 6.225512084960937500e+02 1.364166137695312500e+03 6.220512084960937500e+02
1.358479248046875000e+03 6.226099853515625000e+02 1.364979248046875000e+03 6.216099853515625000e+02
1.357846801757812500e+03 6.229911499023437500e+02 1.364846801757812500e+03 6.219911499023437500e+02
1.365403930664062500e+03 6.222379760742187500e+02 1.358403930664062500e+03 6.227379760742187500e+02
1.358302246093750000e+03 6.233551635742187500e+02 1.365302246093750000e+03 6.228551635742187500e+02
1.355407714843750000e+03 6.229829101562500000e+02 1.349907714843750000e+03 6.229829101562500000e+02
1.353090698242187500e+03 6.224454345703125000e+02 1.347590698242187500e+03 6.224454345703125000e+02
1.353457885742187500e+03 6.219081420898437500e+02 1.347957885742187500e+03 6.219081420898437500e+02
1.348576171875000000e+03 6.220171508789062500e+02 1.343076171875000000e+03 6.220171508789062500e+02
1.347726684570312500e+03 6.215249023437500000e+02 1.342226684570312500e+03 6.215249023437500000e+02
1.347453247070312500e+03 6.215663452148437500e+02 1.341953247070312500e+03 6.215663452148437500e+02
1.346785400390625000e+03 6.222212524414062500e+02 1.341285400390625000e+03 6.222212524414062500e+02
1.341991455078125000e+03 6.217267456054687500e+02 1.336991455078125000e+03 6.212267456054687500e+02
1.337906616210937500e+03 6.231133422851562500e+02 1.331406616210937500e+03 6.226133422851562500e+02
1.338115356445312500e+03 6.225099487304687500e+02 1.331615356445312500e+03 6.220099487304687500e+02
1.338292968750000000e+03 6.226218261718750000e+02 1.332292968750000000e+03 6.221218261718750000e+02
1.338567382812500000e+03 6.216350708007812500e+02 1.332567382812500000e+03 6.216350708007812500e+02
1.338205200195312500e+03 6.222545166015625000e+02 1.332705200195312500e+03 6.217545166015625000e+02
1.338039550781250000e+03 6.215254516601562500e+02 1.332539550781250000e+03 6.215254516601562500e+02
1.338430297851562500e+03 6.221306762695312500e+02 1.332430297851562500e+03 6.221306762695312500e+02
1.338351196289062500e+03 6.223669433593750000e+02 1.332351196289062500e+03 6.218669433593750000e+02
1.345765991210937500e+03 6.212561645507812500e+02 1.340265991210937500e+03 6.212561645507812500e+02
1.345746948242187500e+03 6.205837402343750000e+02 1.340246948242187500e+03 6.205837402343750000e+02
1.345889038085937500e+03 6.206282958984375000e+02 1.340389038085937500e+03 6.201282958984375000e+02
1.345600097656250000e+03 6.208186645507812500e+02 1.340600097656250000e+03 6.213186645507812500e+02
1.346503784179687500e+03 6.206662597656250000e+02 1.341003784179687500e+03 6.201662597656250000e+02
1.354598266601562500e+03 6.210774536132812500e+02 1.349098266601562500e+03 6.210774536132812500e+02
1.355086669921875000e+03 6.221326293945312500e+02 1.361086669921875000e+03 6.216326293945312500e+02
1.361717285156250000e+03 6.221427612304687500e+02 1.355217285156250000e+03 6.221427612304687500e+02
1.361960205078125000e+03 6.221217041015625000e+02 1.355460205078125000e+03 6.221217041015625000e+02
1.362450683593750000e+03 6.222916870117187500e+02 1.356450683593750000e+03 6.222916870117187500e+02
1.355787719726562500e+03 6.228413696289062500e+02 1.362287719726562500e+03 6.223413696289062500e+02
1.362973388671875000e+03 6.222943115234375000e+02 1.356473388671875000e+03 6.222943115234375000e+02
1.362177368164062500e+03 6.221444702148437500e+02 1.355677368164062500e+03 6.221444702148437500e+02
1.354673339843750000e+03 6.220667724609375000e+02 1.361173339843750000e+03 6.215667724609375000e+02
1.360281372070312500e+03 6.217326049804687500e+02 1.353781372070312500e+03 6.217326049804687500e+02
1.353794921875000000e+03 6.223109130859375000e+02 1.360294921875000000e+03 6.218109130859375000e+02
1.359608886718750000e+03 6.221069946289062500e+02 1.353108886718750000e+03 6.221069946289062500e+02
1.354309326171875000e+03 6.217470092773437500e+02 1.348809326171875000e+03 6.217470092773437500e+02
1.347339599609375000e+03 6.213666381835937500e+02 1.341839599609375000e+03 6.213666381835937500e+02
1.346668945312500000e+03 6.214970703125000000e+02 1.341168945312500000e+03 6.214970703125000000e+02
1.345531250000000000e+03 6.209038696289062500e+02 1.340031250000000000e+03 6.209038696289062500e+02
1.336374633789062500e+03 6.220694580078125000e+02 1.330374633789062500e+03 6.220694580078125000e+02
1.336136352539062500e+03 6.224403686523437500e+02 1.329636352539062500e+03 6.224403686523437500e+02
1.334485107421875000e+03 6.232864379882812500e+02 1.328485107421875000e+03 6.222864379882812500e+02
1.334276245117187500e+03 6.225363769531250000e+02 1.328276245117187500e+03 6.215363769531250000e+02
1.334194335937500000e+03 6.228482055664062500e+02 1.328194335937500000e+03 6.228482055664062500e+02
1.334075439453125000e+03 6.225903930664062500e+02 1.328075439453125000e+03 6.225903930664062500e+02
1.332585449218750000e+03 6.236914062500000000e+02 1.327085449218750000e+03 6.226914062500000000e+02
1.332457153320312500e+03 6.236926269531250000e+02 1.325957153320312500e+03 6.226926269531250000e+02
1.332233154296875000e+03 6.238682250976562500e+02 1.325733154296875000e+03 6.228682250976562500e+02
1.331369506835937500e+03 6.239757080078125000e+02 1.325369506835937500e+03 6.234757080078125000e+02
1.331108764648437500e+03 6.244731445312500000e+02 1.324608764648437500e+03 6.234731445312500000e+02
1.331201293945312500e+03 6.235009155273437500e+02 1.324701293945312500e+03 6.230009155273437500e+02
1.331273681640625000e+03 6.230554809570312500e+02 1.324773681640625000e+03 6.220554809570312500e+02
1.348428100585937500e+03 6.223220214843750000e+02 1.342928100585937500e+03 6.223220214843750000e+02
1.348214965820312500e+03 6.239389038085937500e+02 1.355214965820312500e+03 6.234389038085937500e+02
1.348727661132812500e+03 6.239075317382812500e+02 1.355227661132812500e+03 6.234075317382812500e+02
1.350288085937500000e+03 6.233937988281250000e+02 1.356288085937500000e+03 6.228937988281250000e+02
1.349605957031250000e+03 6.237587280273437500e+02 1.356105957031250000e+03 6.227587280273437500e+02
1.350791992187500000e+03 6.236247558593750000e+02 1.356791992187500000e+03 6.231247558593750000e+02
1.351231323242187500e+03 6.234584960937500000e+02 1.357231323242187500e+03 6.229584960937500000e+02
1.351077148437500000e+03 6.235711059570312500e+02 1.357577148437500000e+03 6.230711059570312500e+02
1.358141723632812500e+03 6.225957641601562500e+02 1.351641723632812500e+03 6.225957641601562500e+02
1.358027832031250000e+03 6.227539672851562500e+02 1.352027832031250000e+03 6.227539672851562500e+02
1.351954223632812500e+03 6.237978515625000000e+02 1.358454223632812500e+03 6.232978515625000000e+02
1.352070190429687500e+03 6.243242187500000000e+02 1.358570190429687500e+03 6.233242187500000000e+02
1.353352539062500000e+03 6.224229736328125000e+02 1.347852539062500000e+03 6.229229736328125000e+02
1.341840576171875000e+03 6.234766845703125000e+02 1.336840576171875000e+03 6.229766845703125000e+02
1.341005981445312500e+03 6.232958374023437500e+02 1.335505981445312500e+03 6.227958374023437500e+02
1.341007934570312500e+03 6.227910156250000000e+02 1.335007934570312500e+03 6.227910156250000000e+02
1.338540527343750000e+03 6.215809936523437500e+02 1.333040527343750000e+03 6.215809936523437500e+02
1.333393432617187500e+03 6.230911865234375000e+02 1.327893432617187500e+03 6.225911865234375000e+02
1.333632568359375000e+03 6.230532836914062500e+02 1.327632568359375000e+03 6.225532836914062500e+02
1.333386596679687500e+03 6.231471557617187500e+02 1.327886596679687500e+03 6.226471557617187500e+02
1.333417846679687500e+03 6.229526367187500000e+02 1.327417846679687500e+03 6.224526367187500000e+02
1.333291870117187500e+03 6.228359985351562500e+02 1.326791870117187500e+03 6.223359985351562500e+02
1.332517944335937500e+03 6.234924316406250000e+02 1.326517944335937500e+03 6.229924316406250000e+02
1.332672241210937500e+03 6.226397094726562500e+02 1.326172241210937500e+03 6.221397094726562500e+02
1.342713989257812500e+03 6.216123046875000000e+02 1.336713989257812500e+03 6.211123046875000000e+02
1.350164916992187500e+03 6.239293823242187500e+02 1.344164916992187500e+03 6.239293823242187500e+02
1.346038940429687500e+03 6.221317749023437500e+02 1.351538940429687500e+03 6.216317749023437500e+02
