1.013083618164062500e+03 6.072191162109375000e+02 1.008083618164062500e+03 6.072191162109375000e+02
1.012036926269531250e+03 6.075023193359375000e+02 1.006536926269531250e+03 6.075023193359375000e+02
1.014375427246093750e+03 6.090838012695312500e+02 1.008875427246093750e+03 6.095838012695312500e+02
1.013506347656250000e+03 6.099729003906250000e+02 1.008006347656250000e+03 6.104729003906250000e+02
1.014382385253906250e+03 6.098937377929687500e+02 1.008882385253906250e+03 6.103937377929687500e+02
1.015082641601562500e+03 6.053521118164062500e+02 1.010082641601562500e+03 6.058521118164062500e+02
1.015115844726562500e+03 6.052757568359375000e+02 1.009615844726562500e+03 6.052757568359375000e+02
1.016517028808593750e+03 6.045781860351562500e+02 1.011017028808593750e+03 6.050781860351562500e+02
1.020677978515625000e+03 6.072687988281250000e+02 1.015177978515625000e+03 6.072687988281250000e+02
1.021025573730468750e+03 6.080007934570312500e+02 1.015525573730468750e+03 6.080007934570312500e+02
1.022215454101562500e+03 6.075725708007812500e+02 1.017215454101562500e+03 6.075725708007812500e+02
1.024687622070312500e+03 6.088103027343750000e+02 1.019187622070312500e+03 6.088103027343750000e+02
1.025643554687500000e+03 6.093210449218750000e+02 1.020143554687500000e+03 6.093210449218750000e+02
1.025817626953125000e+03 6.083432617187500000e+02 1.020317626953125000e+03 6.088432617187500000e+02
1.025840820312500000e+03 6.088665161132812500e+02 1.020840820312500000e+03 6.088665161132812500e+02
1.025245727539062500e+03 6.090614013671875000e+02 1.019745727539062500e+03 6.085614013671875000e+02
1.023556884765625000e+03 6.076629638671875000e+02 1.018056884765625000e+03 6.076629638671875000e+02
1.016884582519531250e+03 6.073674316406250000e+02 1.022384582519531250e+03 6.068674316406250000e+02
1.021359130859375000e+03 6.064514770507812500e+02 1.015859130859375000e+03 6.069514770507812500e+02
1.020546752929687500e+03 6.060883789062500000e+02 1.015046752929687500e+03 6.060883789062500000e+02
1.019676940917968750e+03 6.072443237304687500e+02 1.014176940917968750e+03 6.072443237304687500e+02
1.019085510253906250e+03 6.075177001953125000e+02 1.014085510253906250e+03 6.075177001953125000e+02
1.018492126464843750e+03 6.076301879882812500e+02 1.012992126464843750e+03 6.076301879882812500e+02
1.015618286132812500e+03 6.083833618164062500e+02 1.010118286132812500e+03 6.083833618164062500e+02
1.004511535644531250e+03 6.093211059570312500e+02 9.990115356445312500e+02 6.093211059570312500e+02
1.009449890136718750e+03 6.160800170898437500e+02 1.004449890136718750e+03 6.160800170898437500e+02
1.019155151367187500e+03 6.130265502929687500e+02 1.013655151367187500e+03 6.125265502929687500e+02
1.012500793457031250e+03 6.112014160156250000e+02 1.007500793457031250e+03 6.112014160156250000e+02
1.013637268066406250e+03 6.108814086914062500e+02 1.008137268066406250e+03 6.108814086914062500e+02
1.002889160156250000e+03 6.112074584960937500e+02 9.973891601562500000e+02 6.112074584960937500e+02
9.984746093750000000e+02 6.129414672851562500e+02 9.929746093750000000e+02 6.124414672851562500e+02
9.988142089843750000e+02 6.128739624023437500e+02 9.933142089843750000e+02 6.133739624023437500e+02
9.993195800781250000e+02 6.132155151367187500e+02 9.938195800781250000e+02 6.127155151367187500e+02
1.000139160156250000e+03 6.137619628906250000e+02 9.946391601562500000e+02 6.132619628906250000e+02
9.990775146484375000e+02 6.131865844726562500e+02 9.940775146484375000e+02 6.126865844726562500e+02
9.967691650390625000e+02 6.132666625976562500e+02 9.912691650390625000e+02 6.132666625976562500e+02
9.911079711914062500e+02 6.130042114257812500e+02 9.846079711914062500e+02 6.125042114257812500e+02
9.895667724609375000e+02 6.143095092773437500e+02 9.825667724609375000e+02 6.133095092773437500e+02
9.860651245117187500e+02 6.140966186523437500e+02 9.800651245117187500e+02 6.135966186523437500e+02
9.845194702148437500e+02 6.147590332031250000e+02 9.780194702148437500e+02 6.137590332031250000e+02
9.844024047851562500e+02 6.156035766601562500e+02 9.774024047851562500e+02 6.146035766601562500e+02
9.851303710937500000e+02 6.155847778320312500e+02 9.791303710937500000e+02 6.150847778320312500e+02
9.842350463867187500e+02 6.154953002929687500e+02 9.782350463867187500e+02 6.154953002929687500e+02
9.980277099609375000e+02 6.156660766601562500e+02 9.925277099609375000e+02 6.156660766601562500e+02
9.976187133789062500e+02 6.154423217773437500e+02 9.926187133789062500e+02 6.154423217773437500e+02
9.993596801757812500e+02 6.158632202148437500e+02 9.938596801757812500e+02 6.158632202148437500e+02
1.001966186523437500e+03 6.165507812500000000e+02 9.964661865234375000e+02 6.165507812500000000e+02
1.004205078125000000e+03 6.215183715820312500e+02 9.987050781250000000e+02 6.215183715820312500e+02
1.005924621582031250e+03 6.202714843750000000e+02 1.000424621582031250e+03 6.202714843750000000e+02
1.007410522460937500e+03 6.205588989257812500e+02 1.001910522460937500e+03 6.205588989257812500e+02
1.016456420898437500e+03 6.139170532226562500e+02 1.010456420898437500e+03 6.144170532226562500e+02
1.016270874023437500e+03 6.138566894531250000e+02 1.009770874023437500e+03 6.138566894531250000e+02
1.016110473632812500e+03 6.131049194335937500e+02 1.009610473632812500e+03 6.136049194335937500e+02
1.017225280761718750e+03 6.137487182617187500e+02 1.010725280761718750e+03 6.142487182617187500e+02
1.010773376464843750e+03 6.146160278320312500e+02 1.017273376464843750e+03 6.141160278320312500e+02
1.008792480468750000e+03 6.143052978515625000e+02 1.014292480468750000e+03 6.133052978515625000e+02
1.007456298828125000e+03 6.123556518554687500e+02 1.002456298828125000e+03 6.123556518554687500e+02
1.006394287109375000e+03 6.122061157226562500e+02 1.001394287109375000e+03 6.122061157226562500e+02
1.000973449707031250e+03 6.122836303710937500e+02 9.954734497070312500e+02 6.122836303710937500e+02
1.000883300781250000e+03 6.125175170898437500e+02 9.958833007812500000e+02 6.130175170898437500e+02
1.002831665039062500e+03 6.135509033203125000e+02 9.973316650390625000e+02 6.135509033203125000e+02
1.003077270507812500e+03 6.145969848632812500e+02 9.970772705078125000e+02 6.145969848632812500e+02
1.003380676269531250e+03 6.144566650390625000e+02 9.983806762695312500e+02 6.144566650390625000e+02
1.004073181152343750e+03 6.151762084960937500e+02 9.985731811523437500e+02 6.151762084960937500e+02
1.006675842285156250e+03 6.147015380859375000e+02 1.001175842285156250e+03 6.147015380859375000e+02
1.006676208496093750e+03 6.149973144531250000e+02 1.000676208496093750e+03 6.149973144531250000e+02
1.007171264648437500e+03 6.150147705078125000e+02 1.001671264648437500e+03 6.155147705078125000e+02
1.007450195312500000e+03 6.150169067382812500e+02 1.001950195312500000e+03 6.155169067382812500e+02
1.006208679199218750e+03 6.166087646484375000e+02 1.000708679199218750e+03 6.166087646484375000e+02
1.006379882812500000e+03 6.171801757812500000e+02 1.000879882812500000e+03 6.171801757812500000e+02
1.006145263671875000e+03 6.172132568359375000e+02 1.000645263671875000e+03 6.172132568359375000e+02
1.006075744628906250e+03 6.166138305664062500e+02 1.000075744628906250e+03 6.171138305664062500e+02
1.005413879394531250e+03 6.172023925781250000e+02 9.999138793945312500e+02 6.172023925781250000e+02
1.005739990234375000e+03 6.168980712890625000e+02 1.000239990234375000e+03 6.168980712890625000e+02
1.005807250976562500e+03 6.169276733398437500e+02 1.000307250976562500e+03 6.169276733398437500e+02
1.005925231933593750e+03 6.160131835937500000e+02 1.000425231933593750e+03 6.165131835937500000e+02
1.005799377441406250e+03 6.167463989257812500e+02 9.997993774414062500e+02 6.172463989257812500e+02
1.005160095214843750e+03 6.165330810546875000e+02 9.996600952148437500e+02 6.165330810546875000e+02
1.004243041992187500e+03 6.179005126953125000e+02 9.987430419921875000e+02 6.184005126953125000e+02
1.002567626953125000e+03 6.189302368164062500e+02 9.975676269531250000e+02 6.184302368164062500e+02
1.002024475097656250e+03 6.188491821289062500e+02 9.965244750976562500e+02 6.193491821289062500e+02
1.001663574218750000e+03 6.188707885742187500e+02 9.966635742187500000e+02 6.193707885742187500e+02
1.002360412597656250e+03 6.197190551757812500e+02 9.973604125976562500e+02 6.192190551757812500e+02
1.001670959472656250e+03 6.195009765625000000e+02 9.966709594726562500e+02 6.190009765625000000e+02
1.002477050781250000e+03 6.199973754882812500e+02 9.964770507812500000e+02 6.194973754882812500e+02
1.001398681640625000e+03 6.194459228515625000e+02 9.958986816406250000e+02 6.189459228515625000e+02
1.001712158203125000e+03 6.196694335937500000e+02 9.962121582031250000e+02 6.191694335937500000e+02
1.000720153808593750e+03 6.194240112304687500e+02 9.952201538085937500e+02 6.194240112304687500e+02
1.000321105957031250e+03 6.188951416015625000e+02 9.948211059570312500e+02 6.188951416015625000e+02
1.000968750000000000e+03 6.197069702148437500e+02 9.954687500000000000e+02 6.202069702148437500e+02
9.991818237304687500e+02 6.201595458984375000e+02 9.936818237304687500e+02 6.196595458984375000e+02
1.000175537109375000e+03 6.202855224609375000e+02 9.946755371093750000e+02 6.197855224609375000e+02
1.000150878906250000e+03 6.211754760742187500e+02 9.946508789062500000e+02 6.206754760742187500e+02
1.002828430175781250e+03 6.236882934570312500e+02 9.973284301757812500e+02 6.241882934570312500e+02
1.002573303222656250e+03 6.247940063476562500e+02 9.965733032226562500e+02 6.242940063476562500e+02
9.995802612304687500e+02 6.259758300781250000e+02 9.945802612304687500e+02 6.259758300781250000e+02
9.997786254882812500e+02 6.250745849609375000e+02 9.942786254882812500e+02 6.250745849609375000e+02
9.974864501953125000e+02 6.256613159179687500e+02 9.924864501953125000e+02 6.251613159179687500e+02
9.976697998046875000e+02 6.252097778320312500e+02 9.921697998046875000e+02 6.247097778320312500e+02
9.975732421875000000e+02 6.258046875000000000e+02 9.920732421875000000e+02 6.258046875000000000e+02
9.979329223632812500e+02 6.259399414062500000e+02 9.929329223632812500e+02 6.259399414062500000e+02
9.985216674804687500e+02 6.255236816406250000e+02 9.930216674804687500e+02 6.255236816406250000e+02
1.005894470214843750e+03 6.289150390625000000e+02 1.000894470214843750e+03 6.289150390625000000e+02
1.005496032714843750e+03 6.291282958984375000e+02 1.000496032714843750e+03 6.286282958984375000e+02
1.005459899902343750e+03 6.293981323242187500e+02 1.000459899902343750e+03 6.293981323242187500e+02
9.974873046875000000e+02 6.292964477539062500e+02 9.919873046875000000e+02 6.292964477539062500e+02
9.966101074218750000e+02 6.287269897460937500e+02 9.911101074218750000e+02 6.287269897460937500e+02
9.957628784179687500e+02 6.295367431640625000e+02 9.907628784179687500e+02 6.290367431640625000e+02
9.964160766601562500e+02 6.292866821289062500e+02 9.909160766601562500e+02 6.292866821289062500e+02
9.968032226562500000e+02 6.292035522460937500e+02 9.918032226562500000e+02 6.292035522460937500e+02
1.000730651855468750e+03 6.292733154296875000e+02 9.952306518554687500e+02 6.292733154296875000e+02
1.000737487792968750e+03 6.292349243164062500e+02 9.952374877929687500e+02 6.297349243164062500e+02
1.004979553222656250e+03 6.278359375000000000e+02 9.994795532226562500e+02 6.273359375000000000e+02
1.003163818359375000e+03 6.268331909179687500e+02 9.981638183593750000e+02 6.273331909179687500e+02
1.004492126464843750e+03 6.265195312500000000e+02 9.989921264648437500e+02 6.265195312500000000e+02
1.003315185546875000e+03 6.267717895507812500e+02 9.983151855468750000e+02 6.262717895507812500e+02
1.002937866210937500e+03 6.254877929687500000e+02 9.979378662109375000e+02 6.259877929687500000e+02
1.003931335449218750e+03 6.252118530273437500e+02 9.984313354492187500e+02 6.257118530273437500e+02
1.004398071289062500e+03 6.256226806640625000e+02 9.993980712890625000e+02 6.256226806640625000e+02
1.004849548339843750e+03 6.257155151367187500e+02 9.993495483398437500e+02 6.262155151367187500e+02
1.010004211425781250e+03 6.265809936523437500e+02 1.004004211425781250e+03 6.265809936523437500e+02
1.010214111328125000e+03 6.260631713867187500e+02 1.005214111328125000e+03 6.260631713867187500e+02
1.010938964843750000e+03 6.260357666015625000e+02 1.005438964843750000e+03 6.260357666015625000e+02
1.011214111328125000e+03 6.259956054687500000e+02 1.005714111328125000e+03 6.264956054687500000e+02
1.011576782226562500e+03 6.254981079101562500e+02 1.005576782226562500e+03 6.259981079101562500e+02
1.017345520019531250e+03 6.258809204101562500e+02 1.010345520019531250e+03 6.263809204101562500e+02
1.017145385742187500e+03 6.255595703125000000e+02 1.010145385742187500e+03 6.260595703125000000e+02
1.017419250488281250e+03 6.257994384765625000e+02 1.010919250488281250e+03 6.262994384765625000e+02
1.017169433593750000e+03 6.253147583007812500e+02 1.010669433593750000e+03 6.258147583007812500e+02
1.017524902343750000e+03 6.254792480468750000e+02 1.010524902343750000e+03 6.259792480468750000e+02
1.017044921875000000e+03 6.258118896484375000e+02 1.010544921875000000e+03 6.263118896484375000e+02
1.008290466308593750e+03 6.256367797851562500e+02 1.003290466308593750e+03 6.256367797851562500e+02
1.006626281738281250e+03 6.256514892578125000e+02 1.001126281738281250e+03 6.261514892578125000e+02
1.006387023925781250e+03 6.257236328125000000e+02 1.000887023925781250e+03 6.262236328125000000e+02
1.001631530761718750e+03 6.263491210937500000e+02 9.966315307617187500e+02 6.263491210937500000e+02
1.001114318847656250e+03 6.257471313476562500e+02 9.956143188476562500e+02 6.257471313476562500e+02
9.996109008789062500e+02 6.264213256835937500e+02 9.941109008789062500e+02 6.259213256835937500e+02
9.994404296875000000e+02 6.264652709960937500e+02 9.939404296875000000e+02 6.264652709960937500e+02
9.959956665039062500e+02 6.262816162109375000e+02 9.904956665039062500e+02 6.262816162109375000e+02
9.906441650390625000e+02 6.278750000000000000e+02 9.846441650390625000e+02 6.273750000000000000e+02
9.908622436523437500e+02 6.275570678710937500e+02 9.843622436523437500e+02 6.270570678710937500e+02
9.911466064453125000e+02 6.270865478515625000e+02 9.846466064453125000e+02 6.265865478515625000e+02
9.918591918945312500e+02 6.267266235351562500e+02 9.863591918945312500e+02 6.262266235351562500e+02
9.906457519531250000e+02 6.265009765625000000e+02 9.846457519531250000e+02 6.265009765625000000e+02
9.906586914062500000e+02 6.274053955078125000e+02 9.851586914062500000e+02 6.274053955078125000e+02
9.906535644531250000e+02 6.274676513671875000e+02 9.851535644531250000e+02 6.274676513671875000e+02
9.907340698242187500e+02 6.273911743164062500e+02 9.852340698242187500e+02 6.268911743164062500e+02
9.991098022460937500e+02 6.251697387695312500e+02 9.941098022460937500e+02 6.251697387695312500e+02
9.990033569335937500e+02 6.250167236328125000e+02 9.940033569335937500e+02 6.245167236328125000e+02
9.989327392578125000e+02 6.253627319335937500e+02 9.934327392578125000e+02 6.253627319335937500e+02
9.986951904296875000e+02 6.256707153320312500e+02 9.931951904296875000e+02 6.256707153320312500e+02
9.990881347656250000e+02 6.254128417968750000e+02 9.940881347656250000e+02 6.254128417968750000e+02
1.008065368652343750e+03 6.256801147460937500e+02 1.002565368652343750e+03 6.261801147460937500e+02
1.014383972167968750e+03 6.256137695312500000e+02 1.008383972167968750e+03 6.261137695312500000e+02
1.014936096191406250e+03 6.256007080078125000e+02 1.008936096191406250e+03 6.266007080078125000e+02
1.014104431152343750e+03 6.258554077148437500e+02 1.007604431152343750e+03 6.263554077148437500e+02
1.014352233886718750e+03 6.253585205078125000e+02 1.008852233886718750e+03 6.258585205078125000e+02
1.015343994140625000e+03 6.259532470703125000e+02 1.009343994140625000e+03 6.264532470703125000e+02
1.015352966308593750e+03 6.252130126953125000e+02 1.008852966308593750e+03 6.257130126953125000e+02
1.014886169433593750e+03 6.255149536132812500e+02 1.009386169433593750e+03 6.260149536132812500e+02
1.013102172851562500e+03 6.250322265625000000e+02 1.007102172851562500e+03 6.260322265625000000e+02
1.013174194335937500e+03 6.254248046875000000e+02 1.006674194335937500e+03 6.259248046875000000e+02
1.013426086425781250e+03 6.258001098632812500e+02 1.007426086425781250e+03 6.258001098632812500e+02
1.007106445312500000e+03 6.268178100585937500e+02 1.012606445312500000e+03 6.258178100585937500e+02
1.006721496582031250e+03 6.251286621093750000e+02 1.000721496582031250e+03 6.256286621093750000e+02
9.998925170898437500e+02 6.264855957031250000e+02 9.943925170898437500e+02 6.264855957031250000e+02
9.990578613281250000e+02 6.253296508789062500e+02 9.935578613281250000e+02 6.253296508789062500e+02
9.977545166015625000e+02 6.263862304687500000e+02 9.922545166015625000e+02 6.263862304687500000e+02
9.896524047851562500e+02 6.275389404296875000e+02 9.841524047851562500e+02 6.265389404296875000e+02
9.882463989257812500e+02 6.282083740234375000e+02 9.827463989257812500e+02 6.272083740234375000e+02
9.870478515625000000e+02 6.288491821289062500e+02 9.810478515625000000e+02 6.283491821289062500e+02
9.861595458984375000e+02 6.288033447265625000e+02 9.806595458984375000e+02 6.283033447265625000e+02
9.860473022460937500e+02 6.285778808593750000e+02 9.805473022460937500e+02 6.275778808593750000e+02
9.864730834960937500e+02 6.293796386718750000e+02 9.809730834960937500e+02 6.288796386718750000e+02
9.863356933593750000e+02 6.298363647460937500e+02 9.808356933593750000e+02 6.293363647460937500e+02
9.851209716796875000e+02 6.299981079101562500e+02 9.786209716796875000e+02 6.289981079101562500e+02
9.849606323242187500e+02 6.296621704101562500e+02 9.789606323242187500e+02 6.291621704101562500e+02
9.852456665039062500e+02 6.297809448242187500e+02 9.782456665039062500e+02 6.292809448242187500e+02
9.843566284179687500e+02 6.298157348632812500e+02 9.778566284179687500e+02 6.288157348632812500e+02
9.841927490234375000e+02 6.304906005859375000e+02 9.781927490234375000e+02 6.294906005859375000e+02
9.839597778320312500e+02 6.295385131835937500e+02 9.779597778320312500e+02 6.285385131835937500e+02
1.002028869628906250e+03 6.273263549804687500e+02 9.965288696289062500e+02 6.273263549804687500e+02
1.002768981933593750e+03 6.287246704101562500e+02 1.008768981933593750e+03 6.282246704101562500e+02
1.003049987792968750e+03 6.281519775390625000e+02 1.008549987792968750e+03 6.276519775390625000e+02
1.003335205078125000e+03 6.286398925781250000e+02 1.009335205078125000e+03 6.281398925781250000e+02
1.003539672851562500e+03 6.283693237304687500e+02 1.009039672851562500e+03 6.273693237304687500e+02
1.010297790527343750e+03 6.274351806640625000e+02 1.004297790527343750e+03 6.279351806640625000e+02
1.009649841308593750e+03 6.275227050781250000e+02 1.003649841308593750e+03 6.280227050781250000e+02
1.010593627929687500e+03 6.271454467773437500e+02 1.004093627929687500e+03 6.276454467773437500e+02
1.005110656738281250e+03 6.272705078125000000e+02 1.010610656738281250e+03 6.267705078125000000e+02
1.005178466796875000e+03 6.276782226562500000e+02 1.011178466796875000e+03 6.266782226562500000e+02
1.004681152343750000e+03 6.270693359375000000e+02 1.011181152343750000e+03 6.265693359375000000e+02
1.005041015625000000e+03 6.282590942382812500e+02 1.011541015625000000e+03 6.272590942382812500e+02
1.005852722167968750e+03 6.262629394531250000e+02 9.998527221679687500e+02 6.267629394531250000e+02
9.955020141601562500e+02 6.272459716796875000e+02 9.900020141601562500e+02 6.267459716796875000e+02
9.941522216796875000e+02 6.273261108398437500e+02 9.886522216796875000e+02 6.268261108398437500e+02
9.936774291992187500e+02 6.271019897460937500e+02 9.886774291992187500e+02 6.266019897460937500e+02
9.921794433593750000e+02 6.279240112304687500e+02 9.871794433593750000e+02 6.279240112304687500e+02
9.871027832031250000e+02 6.282147827148437500e+02 9.811027832031250000e+02 6.277147827148437500e+02
9.861606445312500000e+02 6.285890502929687500e+02 9.806606445312500000e+02 6.275890502929687500e+02
9.860765991210937500e+02 6.293908691406250000e+02 9.805765991210937500e+02 6.283908691406250000e+02
9.850027465820312500e+02 6.286462402343750000e+02 9.795027465820312500e+02 6.286462402343750000e+02
9.861189575195312500e+02 6.280529174804687500e+02 9.806189575195312500e+02 6.275529174804687500e+02
9.855753784179687500e+02 6.288927612304687500e+02 9.795753784179687500e+02 6.283927612304687500e+02
9.855203247070312500e+02 6.290048217773437500e+02 9.800203247070312500e+02 6.285048217773437500e+02
9.957304687500000000e+02 6.279779052734375000e+02 9.902304687500000000e+02 6.274779052734375000e+02
1.002213806152343750e+03 6.287899169921875000e+02 9.972138061523437500e+02 6.292899169921875000e+02
1.004901489257812500e+03 6.266514892578125000e+02 9.994014892578125000e+02 6.266514892578125000e+02
